solid Gmsh Physical Surface 5
facet normal 1 0 0
  outer loop
    vertex 0 0 1
    vertex 0 0.005 1.005
    vertex 0 0 1.01
  endloop
endfacet
facet normal 1 0 0
  outer loop
    vertex 0 0.01 1.01
    vertex 0 0.005 1.005
    vertex 0 0.01 1
  endloop
endfacet
facet normal 1 -0 0
  outer loop
    vertex 0 0 1.01
    vertex 0 0.005 1.005
    vertex 0 0.01 1.01
  endloop
endfacet
facet normal 1 0 0
  outer loop
    vertex 0 0.01 1
    vertex 0 0.005 1.005
    vertex 0 0 1
  endloop
endfacet
facet normal -1 0 0
  outer loop
    vertex 0.01 0 1
    vertex 0.01 0 1.01
    vertex 0.01 0.005 1.005
  endloop
endfacet
facet normal -1 0 -0
  outer loop
    vertex 0.01 0.01 1.01
    vertex 0.01 0.01 1
    vertex 0.01 0.005 1.005
  endloop
endfacet
facet normal -1 0 0
  outer loop
    vertex 0.01 0 1.01
    vertex 0.01 0.01 1.01
    vertex 0.01 0.005 1.005
  endloop
endfacet
facet normal -1 0 0
  outer loop
    vertex 0.01 0.01 1
    vertex 0.01 0 1
    vertex 0.01 0.005 1.005
  endloop
endfacet
facet normal 0 1 0
  outer loop
    vertex 0 0 1.01
    vertex 0.005 0 1.005
    vertex 0 0 1
  endloop
endfacet
facet normal 0 1 -0
  outer loop
    vertex 0.01 0 1
    vertex 0.005 0 1.005
    vertex 0.01 0 1.01
  endloop
endfacet
facet normal 0 1 0
  outer loop
    vertex 0.01 0 1.01
    vertex 0.005 0 1.005
    vertex 0 0 1.01
  endloop
endfacet
facet normal 0 1 0
  outer loop
    vertex 0 0 1
    vertex 0.005 0 1.005
    vertex 0.01 0 1
  endloop
endfacet
facet normal 0 -1 0
  outer loop
    vertex 0 0.01 1.01
    vertex 0 0.01 1
    vertex 0.005 0.01 1.005
  endloop
endfacet
facet normal 0 -1 0
  outer loop
    vertex 0.01 0.01 1
    vertex 0.01 0.01 1.01
    vertex 0.005 0.01 1.005
  endloop
endfacet
facet normal -0 -1 0
  outer loop
    vertex 0.01 0.01 1.01
    vertex 0 0.01 1.01
    vertex 0.005 0.01 1.005
  endloop
endfacet
facet normal 0 -1 0
  outer loop
    vertex 0 0.01 1
    vertex 0.01 0.01 1
    vertex 0.005 0.01 1.005
  endloop
endfacet
facet normal 0 0 1
  outer loop
    vertex 0 0 1
    vertex 0.005 0.005 1
    vertex 0 0.01 1
  endloop
endfacet
facet normal 0 0 1
  outer loop
    vertex 0.01 0 1
    vertex 0.005 0.005 1
    vertex 0 0 1
  endloop
endfacet
facet normal -0 0 1
  outer loop
    vertex 0 0.01 1
    vertex 0.005 0.005 1
    vertex 0.01 0.01 1
  endloop
endfacet
facet normal 0 0 1
  outer loop
    vertex 0.01 0.01 1
    vertex 0.005 0.005 1
    vertex 0.01 0 1
  endloop
endfacet
facet normal 0 0 -1
  outer loop
    vertex 0 0 1.01
    vertex 0 0.01 1.01
    vertex 0.005 0.005 1.01
  endloop
endfacet
facet normal 0 0 -1
  outer loop
    vertex 0.01 0 1.01
    vertex 0 0 1.01
    vertex 0.005 0.005 1.01
  endloop
endfacet
facet normal 0 0 -1
  outer loop
    vertex 0 0.01 1.01
    vertex 0.01 0.01 1.01
    vertex 0.005 0.005 1.01
  endloop
endfacet
facet normal 0 -0 -1
  outer loop
    vertex 0.01 0.01 1.01
    vertex 0.01 0 1.01
    vertex 0.005 0.005 1.01
  endloop
endfacet
facet normal 0 0 -1
  outer loop
    vertex 2.200000000000001 -2.2 0.2
    vertex -2.2 -2.2 0.2
    vertex 8.881784197001252e-16 8.881784197001252e-16 0.2
  endloop
endfacet
facet normal 0 0 -1
  outer loop
    vertex -2.2 -2.2 0.2
    vertex -2.2 2.200000000000001 0.2
    vertex 8.881784197001252e-16 8.881784197001252e-16 0.2
  endloop
endfacet
facet normal 0 -0 -1
  outer loop
    vertex 2.200000000000001 2.200000000000001 0.2
    vertex 2.200000000000001 -2.2 0.2
    vertex 8.881784197001252e-16 8.881784197001252e-16 0.2
  endloop
endfacet
facet normal 0 0 -1
  outer loop
    vertex -2.2 2.200000000000001 0.2
    vertex 2.200000000000001 2.200000000000001 0.2
    vertex 8.881784197001252e-16 8.881784197001252e-16 0.2
  endloop
endfacet
facet normal -1 0 0
  outer loop
    vertex -2.2 -2.2 0.2
    vertex -2.2 -2.2 2.2
    vertex -2.2 4.440892098500626e-16 1.2
  endloop
endfacet
facet normal -1 0 -0
  outer loop
    vertex -2.2 2.200000000000001 2.2
    vertex -2.2 2.200000000000001 0.2
    vertex -2.2 4.440892098500626e-16 1.2
  endloop
endfacet
facet normal -1 0 0
  outer loop
    vertex -2.2 2.200000000000001 0.2
    vertex -2.2 -2.2 0.2
    vertex -2.2 4.440892098500626e-16 1.2
  endloop
endfacet
facet normal -1 0 0
  outer loop
    vertex -2.2 -2.2 2.2
    vertex -2.2 2.200000000000001 2.2
    vertex -2.2 4.440892098500626e-16 1.2
  endloop
endfacet
facet normal 0 -1 0
  outer loop
    vertex -2.2 -2.2 2.2
    vertex -2.2 -2.2 0.2
    vertex 4.440892098500626e-16 -2.2 1.2
  endloop
endfacet
facet normal 0 -1 0
  outer loop
    vertex 2.200000000000001 -2.2 0.2
    vertex 2.200000000000001 -2.2 2.2
    vertex 4.440892098500626e-16 -2.2 1.2
  endloop
endfacet
facet normal 0 -1 0
  outer loop
    vertex -2.2 -2.2 0.2
    vertex 2.200000000000001 -2.2 0.2
    vertex 4.440892098500626e-16 -2.2 1.2
  endloop
endfacet
facet normal -0 -1 0
  outer loop
    vertex 2.200000000000001 -2.2 2.2
    vertex -2.2 -2.2 2.2
    vertex 4.440892098500626e-16 -2.2 1.2
  endloop
endfacet
facet normal 1 0 0
  outer loop
    vertex 2.200000000000001 -2.2 0.2
    vertex 2.200000000000001 4.440892098500626e-16 1.2
    vertex 2.200000000000001 -2.2 2.2
  endloop
endfacet
facet normal 1 0 0
  outer loop
    vertex 2.200000000000001 2.200000000000001 2.2
    vertex 2.200000000000001 4.440892098500626e-16 1.2
    vertex 2.200000000000001 2.200000000000001 0.2
  endloop
endfacet
facet normal 1 0 0
  outer loop
    vertex 2.200000000000001 2.200000000000001 0.2
    vertex 2.200000000000001 4.440892098500626e-16 1.2
    vertex 2.200000000000001 -2.2 0.2
  endloop
endfacet
facet normal 1 -0 0
  outer loop
    vertex 2.200000000000001 -2.2 2.2
    vertex 2.200000000000001 4.440892098500626e-16 1.2
    vertex 2.200000000000001 2.200000000000001 2.2
  endloop
endfacet
facet normal 0 1 -0
  outer loop
    vertex 2.200000000000001 2.200000000000001 0.2
    vertex 4.440892098500626e-16 2.200000000000001 1.2
    vertex 2.200000000000001 2.200000000000001 2.2
  endloop
endfacet
facet normal 0 1 0
  outer loop
    vertex -2.2 2.200000000000001 2.2
    vertex 4.440892098500626e-16 2.200000000000001 1.2
    vertex -2.2 2.200000000000001 0.2
  endloop
endfacet
facet normal 0 1 0
  outer loop
    vertex -2.2 2.200000000000001 0.2
    vertex 4.440892098500626e-16 2.200000000000001 1.2
    vertex 2.200000000000001 2.200000000000001 0.2
  endloop
endfacet
facet normal 0 1 0
  outer loop
    vertex 2.200000000000001 2.200000000000001 2.2
    vertex 4.440892098500626e-16 2.200000000000001 1.2
    vertex -2.2 2.200000000000001 2.2
  endloop
endfacet
facet normal 0 0 1
  outer loop
    vertex -2.2 -2.2 2.2
    vertex 4.440892098500626e-16 4.440892098500626e-16 2.2
    vertex -2.2 2.200000000000001 2.2
  endloop
endfacet
facet normal 0 0 1
  outer loop
    vertex 2.200000000000001 -2.2 2.2
    vertex 4.440892098500626e-16 4.440892098500626e-16 2.2
    vertex -2.2 -2.2 2.2
  endloop
endfacet
facet normal -0 0 1
  outer loop
    vertex -2.2 2.200000000000001 2.2
    vertex 4.440892098500626e-16 4.440892098500626e-16 2.2
    vertex 2.200000000000001 2.200000000000001 2.2
  endloop
endfacet
facet normal 0 0 1
  outer loop
    vertex 2.200000000000001 2.200000000000001 2.2
    vertex 4.440892098500626e-16 4.440892098500626e-16 2.2
    vertex 2.200000000000001 -2.2 2.2
  endloop
endfacet
endsolid Gmsh Physical Surface 5
